2.0 
2.0 
4.8 
4.17 
3.71 
3.71 
3.56 
3.56 
3.56 
3.56 
3.56 
3.56 
3.56 
3.3 
3.3 
3.25 
3.08 
3.08 
2.93 
2.93 
2.93 
3.07 
3.07 
3.07 
2.94 
2.94 
3.37 
3.37 
3.37 
3.68 
3.68 
3.68 
3.68 
3.71 
3.65 
3.54 
3.54 
3.54 
3.44 
3.44 
3.44 
3.44 
3.35 
3.33 
3.33 
3.33 
3.33 
3.25 
3.25 
3.25 
3.25 
3.25 
3.25 
3.17 
3.17 
3.1 
3.1 
4.42 
4.42 
4.32 
4.32 
4.23 
4.23 
4.23 
4.23 
4.22 
4.22 
4.29 
4.26 
4.23 
4.23 
4.23 
4.16 
4.09 
4.04 
3.98 
4.04 
3.98 
3.98 
3.98 
3.98 
3.92 
4.02 
4.02 
4.02 
4.07 
4.02 
4.02 
3.96 
3.96 
3.96 
3.96 
3.96 
3.96 
3.96 
3.96 
3.96 
3.96 
3.96 
3.93 
4.13 
4.08 
4.03 
4.03 
4.03 
4.03 
4.03 
4.03 
4.03 
4.03 
4.03 
4.08 
4.07 
4.07 
4.03 
4.03 
4.07 
4.07 
4.03 
4.03 
3.99 
3.99 
3.96 
3.96 
3.92 
3.92 
3.88 
3.88 
3.86 
3.85 
3.89 
3.89 
3.85 
3.85 
3.85 
3.82 
3.82 
3.79 
3.79 
3.79 
3.79 
3.78 
3.78 
3.78 
3.78 
3.78 
3.88 
3.84 
3.83 
3.82 
3.82 
3.82 
3.84 
3.84 
3.87 
3.87 
3.87 
3.94 
3.94 
4.01 
4.01 
4.03 
4.03 
4.06 
4.06 
4.06 
4.06 
4.06 
4.03 
4.03 
4.03 
4.0 
4.0 
4.03 
4.03 
4.03 
4.02 
4.02 
4.02 
4.02 
4.02 
4.02 
4.02 
4.02 
4.02 
3.99 
3.99 
3.99 
3.96 
3.96 
3.96 
3.94 
3.94 
3.94 
3.91 
3.91 
3.91 
3.91 
3.88 
3.86 
3.85 
3.85 
3.85 
3.82 
3.8 
3.8 
3.8 
3.8 
3.8 
3.77 
3.75 
3.81 
3.81 
3.81 
3.8 
3.8 
3.78 
3.78 
3.75 
3.75 
3.75 
3.78 
3.82 
3.8 
3.8 
3.79 
3.77 
3.79 
3.79 
3.82 
3.82 
3.82 
3.82 
3.82 
3.82 
3.82 
3.82 
3.84 
3.84 
3.84 
3.84 
3.84 
3.84 
3.84 
3.85 
3.85 
3.85 
3.85 
3.85 
3.86 
3.87 
3.85 
3.83 
3.82 
3.82 
3.82 
3.82 
3.87 
3.87 
3.85 
3.82 
3.84 
3.82 
3.86 
3.84 
3.84 
3.84 
3.84 
3.92 
3.92 
3.92 
3.92 
3.92 
3.9 
3.91 
3.91 
3.89 
3.88 
3.86 
3.86 
3.86 
3.84 
3.84 
3.82 
3.8 
3.8 
3.8 
3.78 
3.78 
3.78 
3.78 
3.78 
3.77 
3.77 
3.77 
3.8 
3.8 
3.8 
3.81 
3.81 
3.84 
3.84 
3.82 
3.81 
3.81 
3.81 
3.8 
3.79 
3.78 
3.78 
3.78 
3.78 
3.79 
3.79 
3.83 
3.83 
3.83 
3.86 
3.84 
3.84 
3.83 
3.83 
3.85 
3.85 
3.85 
3.85 
3.85 
3.85 
3.85 
3.86 
3.84 
3.84 
3.84 
3.83 
3.83 
3.83 
3.85 
3.86 
3.87 
3.89 
3.87 
3.86 
3.86 
3.86 
3.85 
3.85 
3.85 
3.85 
3.85 
3.85 
3.85 
3.85 
3.85 
3.85 
3.85 
3.85 
3.85 
3.85 
3.83 
3.83 
3.83 
3.85 
3.85 
3.85 
3.84 
3.84 
3.82 
3.82 
3.81 
3.81 
3.8 
3.8 
3.81 
3.81 
3.81 
3.81 
3.81 
3.81 
3.81 
3.81 
3.81 
3.81 
3.79 
3.79 
3.78 
3.79 
3.79 
3.79 
3.79 
3.79 
3.79 
3.79 
3.79 
3.78 
3.78 
3.76 
3.89 
3.89 
3.89 
3.89 
3.88 
3.96 
3.96 
3.96 
3.97 
3.97 
3.97 
3.97 
3.97 
3.95 
3.97 
3.97 
3.97 
3.97 
3.97 
3.95 
3.95 
3.94 
3.94 
3.94 
3.94 
3.94 
3.94 
3.94 
3.94 
3.94 
3.93 
3.91 
3.91 
3.91 
3.93 
3.93 
3.93 
3.92 
3.92 
3.91 
3.91 
3.91 
3.91 
3.9 
3.9 
3.9 
3.9 
3.9 
3.93 
3.92 
3.91 
3.9 
3.9 
3.83 
3.83 
3.83 
3.85 
3.85 
3.85 
3.85 
3.85 
3.84 
3.84 
3.86 
3.87 
4.0 
3.99 
3.96 
3.95 
3.95 
3.95 
3.95 
3.95 
3.94 
3.96 
4.04 
4.04 
4.03 
4.03 
4.03 
4.03 
4.03 
4.02 
4.02 
4.02 
4.02 
4.02 
4.01 
4.01 
4.08 
4.09 
4.12 
4.12 
4.12 
4.12 
4.11 
4.11 
3.92 
3.91 
3.91 
3.91 
3.9 
3.9 
3.9 
3.9 
3.9 
3.88 
3.88 
3.88 
3.9 
3.9 
3.9 
3.92 
3.92 
3.93 
3.95 
3.95 
3.95 
3.95 
3.91 
3.9 
3.9 
3.9 
3.89 
3.89 
3.89 
3.89 
3.89 
3.89 
3.91 
3.87 
3.86 
3.86 
3.86 
3.86 
3.86 
3.85 
3.85 
3.85 
3.85 
3.87 
3.88 
3.88 
3.89 
3.84 
3.84 
3.84 
3.84 
3.85 
3.85 
3.86 
4.01 
4.01 
4.01 
4.03 
4.05 
4.05 
4.05 
4.05 
4.06 
4.06 
4.06 
4.09 
4.07 
4.07 
4.07 
4.06 
4.06 
4.07 
4.06 
4.06 
4.04 
4.04 
4.04 
4.03 
4.11 
4.09 
4.09 
4.08 
4.08 
4.1 
4.09 
4.03 
4.03 
4.03 
4.03 
3.93 
3.92 
3.92 
3.92 
3.91 
3.91 
3.91 
3.91 
3.91 
3.92 
3.92 
3.95 
3.97 
3.97 
4.0 
4.0 
3.99 
3.99 
3.98 
3.98 
3.98 
3.97 
3.97 
3.97 
3.97 
3.97 
4.01 
4.03 
4.02 
4.05 
4.05 
4.05 
4.04 
4.05 
4.05 
4.05 
4.07 
4.05 
4.04 
4.04 
4.04 
4.03 
4.02 
4.05 
4.04 
4.04 
4.04 
4.03 
4.06 
4.06 
4.07 
4.06 
4.05 
4.05 
4.05 
4.05 
4.05 
4.05 
4.04 
4.02 
4.01 
4.02 
4.03 
4.02 
4.0 
4.03 
4.02 
4.02 
4.02 
4.0 
4.0 
4.0 
4.0 
3.99 
4.01 
4.04 
4.05 
3.99 
3.98 
3.98 
3.98 
3.98 
3.98 
3.97 
3.97 
3.96 
3.96 
3.94 
3.94 
3.93 
3.96 
3.96 
3.97 
3.97 
3.96 
3.95 
3.94 
3.93 
3.96 
3.93 
3.93 
3.93 
3.92 
3.92 
3.92 
3.92 
3.92 
3.91 
3.91 
3.9 
3.96 
3.96 
3.89 
3.93 
3.91 
3.9 
3.91 
3.92 
3.91 
3.88 
3.88 
3.88 
3.96 
4.0 
3.98 
4.04 
4.04 
4.04 
4.03 
4.03 
4.05 
4.06 
4.06 
4.06 
4.04 
4.05 
4.04 
4.04 
4.04 
4.04 
4.05 
4.05 
3.96 
3.96 
3.96 
3.96 
3.95 
3.95 
3.95 
3.95 
3.95 
3.98 
3.98 
3.96 
3.96 
3.96 
4.0 
4.0 
4.0 
3.98 
3.97 
3.97 
3.97 
3.92 
3.92 
3.92 
3.92 
3.92 
3.91 
3.91 
3.91 
3.91 
3.91 
3.89 
3.87 
3.87 
3.86 
3.86 
3.85 
3.85 
3.89 
3.88 
3.88 
3.88 
3.9 
3.89 
3.83 
3.84 
3.84 
3.84 
3.83 
3.84 
3.84 
3.85 
3.85 
3.84 
3.86 
3.87 
3.87 
3.86 
3.85 
3.85 
3.88 
3.88 
3.87 
3.87 
3.86 
3.87 
3.86 
3.86 
3.86 
3.89 
3.89 
3.92 
3.94 
3.94 
3.93 
3.93 
3.93 
3.92 
3.92 
3.91 
3.91 
3.91 
3.91 
3.91 
3.91 
3.9 
3.9 
3.9 
3.9 
3.9 
3.9 
3.9 
3.9 
3.9 
3.9 
3.9 
3.88 
3.8 
3.81 
3.81 
3.81 
3.72 
3.71 
3.71 
3.71 
3.7 
3.69 
3.79 
3.79 
3.78 
3.78 
3.77 
3.77 
3.77 
3.77 
3.77 
3.79 
3.79 
3.81 
3.81 
3.81 
3.8 
3.94 
3.95 
3.94 
3.94 
3.94 
3.91 
3.91 
3.91 
3.91 
3.93 
3.93 
3.92 
3.92 
3.91 
3.92 
3.91 
3.91 
3.9 
3.94 
3.94 
3.94 
3.93 
3.92 
3.94 
3.94 
3.93 
3.93 
3.92 
3.92 
3.92 
3.96 
3.98 
3.98 
4.0 
4.0 
3.88 
3.88 
3.88 
3.88 
3.88 
3.88 
3.91 
3.9 
3.89 
3.89 
3.89 
3.88 
3.82 
3.82 
3.82 
3.82 
3.82 
3.82 
3.82 
3.76 
3.76 
3.76 
3.76 
3.76 
3.79 
3.84 
3.83 
3.81 
3.95 
3.95 
3.95 
3.93 
3.93 
3.93 
3.93 
3.94 
3.92 
3.92 
3.91 
3.9 
3.89 
3.91 
3.92 
3.92 
3.93 
3.95 
3.94 
3.94 
3.94 
3.94 
3.94 
3.94 
3.93 
3.94 
3.93 
3.94 
3.94 
3.93 
3.93 
3.93 
3.93 
3.88 
3.96 
3.96 
3.95 
3.95 
3.95 
3.95 
3.78 
3.78 
3.79 
3.79 
3.78 
3.78 
3.77 
3.77 
3.69 
3.69 
3.69 
3.7 
3.69 
3.69 
3.72 
3.71 
3.71 
3.71 
3.7 
3.7 
3.69 
3.69 
3.73 
3.73 
3.73 
3.73 
3.72 
3.71 
3.71 
3.71 
3.71 
3.7 
3.7 
3.67 
3.67 
3.66 
3.66 
3.66 
3.66 
3.72 
3.72 
3.72 
3.76 
3.75 
3.75 
3.76 
3.76 
3.72 
3.72 
3.75 
3.73 
3.83 
3.83 
3.83 
3.84 
3.84 
3.81 
3.81 
3.8 
3.76 
3.76 
3.76 
3.76 
3.75 
3.75 
3.75 
3.75 
3.75 
3.75 
3.75 
3.75 
3.75 
3.71 
3.71 
3.7 
3.7 
3.7 
3.69 
3.69 
3.69 
3.69 
3.72 
3.71 
3.71 
3.71 
3.71 
3.7 
3.7 
3.7 
3.73 
3.72 
3.71 
3.71 
3.71 
3.71 
3.71 
3.71 
3.71 
3.71 
3.71 
3.71 
3.75 
3.78 
3.78 
3.78 
3.78 
3.78 
3.69 
3.73 
3.75 
3.75 
3.87 
3.87 
3.87 
3.93 
3.93 
3.93 
4.1 
4.15 
4.15 
4.15 
4.19 
4.18 
4.19 
4.19 
4.22 
4.22 
4.22 
4.22 
4.22 
4.24 
4.24 
4.28 
4.28 
4.28 
4.28 
4.27 
4.26 
4.26 
4.23 
4.23 
4.22 
4.21 
4.22 
4.2 
4.19 
4.19 
4.19 
4.18 
4.18 
4.17 
4.15 
4.15 
4.15 
4.15 
4.15 
4.05 
4.05 
4.05 
4.16 
4.16 
4.16 
4.16 
4.16 
4.16 
4.16 
4.19 
4.19 
4.19 
4.19 
4.19 
4.18 
4.18 
4.18 
4.18 
4.17 
4.22 
4.23 
4.23 
4.23 
4.23 
4.23 
4.22 
4.24 
4.25 
4.25 
4.25 
4.25 
4.25 
4.25 
4.26 
4.25 
4.26 
4.25 
4.28 
4.28 
4.28 
4.26 
4.26 
4.28 
4.28 
4.26 
4.26 
4.26 
4.25 
4.29 
4.29 
4.28 
4.27 
4.27 
4.27 
4.27 
4.27 
4.27 
4.27 
4.24 
4.24 
4.24 
4.25 
4.25 
4.25 
4.25 
4.25 
4.25 
4.27 
4.31 
4.31 
4.31 
4.3 
4.29 
4.29 
4.29 
4.29 
4.28 
4.28 
4.34 
4.34 
4.34 
4.34 
4.34 
4.34 
4.32 
4.32 
4.32 
4.32 
4.3 
4.3 
4.31 
4.3 
4.3 
4.3 
4.3 
4.3 
4.31 
4.31 
4.31 
4.3 
4.3 
4.31 
4.31 
4.31 
4.31 
4.46 
4.46 
4.49 
4.52 
4.52 
4.54 
4.54 
4.54 
4.54 
4.54 
4.54 
4.53 
4.52 
4.51 
4.51 
4.51 
4.51 
4.49 
4.49 
4.51 
4.5 
4.5 
4.5 
4.5 
4.5 
4.5 
4.52 
4.5 
4.34 
4.34 
4.32 
4.32 
4.32 
4.34 
4.34 
4.33 
4.31 
4.33 
4.33 
4.33 
4.33 
4.36 
4.36 
4.36 
4.36 
4.36 
4.36 
4.34 
4.34 
4.37 
4.38 
4.38 
4.38 
4.38 
4.38 
4.38 
4.36 
4.35 
4.34 
4.34 
4.39 
4.39 
4.4 
4.4 
4.4 
4.41 
4.41 
4.37 
4.35 
4.37 
4.37 
4.37 
4.31 
4.34 
4.35 
4.33 
4.33 
4.33 
4.35 
4.35 
4.35 
4.33 
4.33 
4.33 
4.38 
4.37 
4.4 
4.42 
4.41 
4.41 
4.39 
4.39 
4.39 
4.39 
4.39 
4.39 
4.41 
4.41 
4.44 
4.44 
4.44 
4.44 
4.41 
4.41 
4.41 
4.39 
4.39 
4.39 
4.38 
4.19 
4.19 
4.19 
4.19 
4.19 
4.22 
4.21 
4.21 
4.21 
4.2 
4.2 
4.18 
